20221006032546
20221006213953
20221008063052
20221009192000
20221013221136
20221014025416
20221023085822
20230905015107
20230905015120
20230905015223
20230905020305
20230905030303
20230905212307
20230905212316
20230906033259
20230906035236
20230906035650
20230906035744
20230906044835
20230906050031
20230907151050
20230912192810
20230913044318
20230914030626
20230916125222
20230916132320
20230919153113
20230919172630
20230920022857
20230920031249
20230921220840
20230922051930
20230923065000
20230924221605
20230924224635
20230925001420
20230925024118
20230925033312
20230925050125
20230925180815
20230926190350
20230926224444
20230926234809
20230927033258
20230927233110
20230928014124
20230928133216
20230928134931
20230928171946
20230928173645
20230928174503
20230928175049
20230928175434
20230928175625
20230928184621
20230928185603
20230928185944
20230928191243
20230928192818
20230928193054
20230929022947
20230929023608
20230929024225
20230929024545
20230929054003
20230929054848
20230929055134
20230929064428
20231001000026
